    skip cskip vcksip
1 2735978.11 2547770.70 2621231.98
2 1116071.43 1344899.47 1781102.50
4 846041.58 1287374.08 1985210.18
8 832310.29 1263284.22 2188722.61
16 653037.24 1255502.63 2345800.28
 
    skip cskip vcksip
1 4163197.34 4066693.78 4301075.27
2 1630656.34 4082465.81 4194630.87
4 1397477.55 4142502.07 4348298.73
8 1181509.38 3856165.04 4406742.32
16 993184.27 3733258.67 4491102.00
 
    skip cskip vcksip
1 537634.41 584795.32 598802.40
2 636942.68 628930.82 921658.99
4 985221.67 1606425.70 1538461.54
8 689061.15 1317957.17 2127659.57
16 233678.98 660611.07 2072538.86
 
